awesome:
  name: awesome
  world: world
  x: 897.5181097834629
  y: 74.0
  z: 682.3816080334827
  yaw: -113.099976
  pitch: 86.999886
