grill:
  name: grill
  world: world
  x: -124.76428998895197
  y: 67.20000004768372
  z: 276.30000001192093
  yaw: -78.60414
  pitch: 29.249866
