logcabinstuff:
  name: LogCabinStuff
  world: world
  x: 711.2357692528258
  y: 139.0
  z: 636.6611881043342
  yaw: -121.6492
  pitch: 76.04998
