spawn:
  name: spawn
  world: world
  x: 742.0472225649354
  y: 81.08719621631661
  z: 543.7418272281536
  yaw: 49.20645
  pitch: 18.29996
